SPUR_B O=7,9,13,24,28 m=12 B=1,3,5,8,11,16,17,18,20,22,23,26,27,29
SPUR_B O=7,9,13,24,28 m=12 B=1,3,5,8,14,16,17,18,20,22,23,26,29,30
SPUR_B O=7,9,13,24,28 m=12 B=3,5,8,11,14,16,18,20,22,23,26,27,29,30
SPUR_B O=7,9,13,24,28 m=12 B=1,3,5,8,15,16,17,18,20,22,23,26,29,31
SPUR_B O=7,9,13,24,28 m=12 B=3,5,8,11,15,16,18,20,22,23,26,27,29,31
SPUR_B O=7,9,13,24,28 m=12 B=3,5,8,14,15,16,18,20,22,23,26,29,30,31
CLASS s=32 r=5 p=2013265921 O=7,9,13,24,28 m=12 char0=0 mitm=6 brute=6 genuine_bal=0 spurious=6 xiH=0
SPUR_B O=7,8,9,13,28 m=9 B=0,1,3,5,12,16,18,19,22,23,25,26,27,29
SPUR_B O=7,8,9,13,28 m=9 B=0,1,4,5,12,16,18,20,22,23,25,26,27,29
SPUR_B O=7,8,9,13,28 m=9 B=1,3,4,5,12,18,19,20,22,23,25,26,27,29
SPUR_B O=7,8,9,13,28 m=9 B=0,1,5,12,14,16,18,22,23,25,26,27,29,30
SPUR_B O=7,8,9,13,28 m=9 B=1,3,5,12,14,18,19,22,23,25,26,27,29,30
SPUR_B O=7,8,9,13,28 m=9 B=1,4,5,12,14,18,20,22,23,25,26,27,29,30
SPUR_B O=7,8,9,13,28 m=9 B=0,1,5,12,15,16,18,22,23,25,26,27,29,31
SPUR_B O=7,8,9,13,28 m=9 B=1,3,5,12,15,18,19,22,23,25,26,27,29,31
SPUR_B O=7,8,9,13,28 m=9 B=1,4,5,12,15,18,20,22,23,25,26,27,29,31
SPUR_B O=7,8,9,13,28 m=9 B=1,5,12,14,15,18,22,23,25,26,27,29,30,31
CLASS s=32 r=5 p=2013265921 O=7,8,9,13,28 m=9 char0=0 mitm=10 brute=10 genuine_bal=0 spurious=10 xiH=0
SPUR_B O=2,5,18,26,27 m=3 B=1,7,8,9,10,12,14,16,17,19,20,21,22,24
SPUR_B O=2,5,18,26,27 m=3 B=1,7,9,10,12,13,14,16,17,19,20,21,22,29
SPUR_B O=2,5,18,26,27 m=3 B=7,8,9,10,12,13,14,16,19,20,21,22,24,29
SPUR_B O=2,5,18,26,27 m=3 B=1,7,9,10,12,14,15,16,17,19,20,21,22,31
SPUR_B O=2,5,18,26,27 m=3 B=7,8,9,10,12,14,15,16,19,20,21,22,24,31
SPUR_B O=2,5,18,26,27 m=3 B=7,9,10,12,13,14,15,16,19,20,21,22,29,31
CLASS s=32 r=5 p=2013265921 O=2,5,18,26,27 m=3 char0=0 mitm=6 brute=6 genuine_bal=0 spurious=6 xiH=0
SPUR_B O=0,7,15,18,30 m=10 B=1,3,4,6,11,12,14,20,21,22,23,24,25,29
SPUR_B O=0,7,15,18,30 m=10 B=1,3,4,10,11,12,14,20,21,23,24,25,26,29
SPUR_B O=0,7,15,18,30 m=10 B=1,3,6,10,11,12,14,21,22,23,24,25,26,29
CLASS s=32 r=5 p=2013265921 O=0,7,15,18,30 m=10 char0=0 mitm=3 brute=3 genuine_bal=0 spurious=3 xiH=0
SPUR_B O=1,2,19,26,31 m=8 B=3,4,7,8,10,11,13,16,17,20,22,25,28,30
SPUR_B O=1,2,19,26,31 m=8 B=3,5,7,8,10,11,13,16,17,21,22,25,28,30
CLASS s=32 r=5 p=2013265921 O=1,2,19,26,31 m=8 char0=0 mitm=2 brute=2 genuine_bal=0 spurious=2 xiH=0
SPUR_B O=4,6,12,24,25 m=10 B=0,3,5,7,10,13,17,18,20,21,22,23,27,29
SPUR_B O=4,6,12,24,25 m=10 B=0,3,5,7,10,14,17,18,20,21,22,23,27,30
SPUR_B O=4,6,12,24,25 m=10 B=0,3,5,10,13,14,17,18,20,21,22,27,29,30
SPUR_B O=4,6,12,24,25 m=10 B=0,3,7,10,13,14,17,18,20,22,23,27,29,30
SPUR_B O=4,6,12,24,25 m=10 B=0,3,5,7,10,15,17,18,20,21,22,23,27,31
SPUR_B O=4,6,12,24,25 m=10 B=0,3,5,10,13,15,17,18,20,21,22,27,29,31
SPUR_B O=4,6,12,24,25 m=10 B=0,3,7,10,13,15,17,18,20,22,23,27,29,31
SPUR_B O=4,6,12,24,25 m=10 B=0,3,5,10,14,15,17,18,20,21,22,27,30,31
SPUR_B O=4,6,12,24,25 m=10 B=0,3,7,10,14,15,17,18,20,22,23,27,30,31
SPUR_B O=4,6,12,24,25 m=10 B=0,3,10,13,14,15,17,18,20,22,27,29,30,31
CLASS s=32 r=5 p=2013265921 O=4,6,12,24,25 m=10 char0=0 mitm=10 brute=10 genuine_bal=0 spurious=10 xiH=0
SPUR_B O=1,2,5,27,31 m=0 B=4,6,7,8,10,13,14,16,17,19,21,22,25,28
CLASS s=32 r=5 p=2013265921 O=1,2,5,27,31 m=0 char0=0 mitm=1 brute=1 genuine_bal=0 spurious=1 xiH=0
SPUR_B O=9,12,13,15,31 m=0 B=0,1,2,7,10,11,16,17,18,19,22,25,29,30
SPUR_B O=9,12,13,15,31 m=0 B=0,1,4,7,10,11,16,17,19,20,22,25,29,30
SPUR_B O=9,12,13,15,31 m=0 B=0,2,4,7,10,11,16,18,19,20,22,25,29,30
SPUR_B O=9,12,13,15,31 m=0 B=1,2,4,7,10,11,17,18,19,20,22,25,29,30
SPUR_B O=9,12,13,15,31 m=0 B=0,1,5,7,10,11,16,17,19,21,22,25,29,30
SPUR_B O=9,12,13,15,31 m=0 B=0,2,5,7,10,11,16,18,19,21,22,25,29,30
SPUR_B O=9,12,13,15,31 m=0 B=1,2,5,7,10,11,17,18,19,21,22,25,29,30
SPUR_B O=9,12,13,15,31 m=0 B=0,4,5,7,10,11,16,19,20,21,22,25,29,30
SPUR_B O=9,12,13,15,31 m=0 B=1,4,5,7,10,11,17,19,20,21,22,25,29,30
SPUR_B O=9,12,13,15,31 m=0 B=2,4,5,7,10,11,18,19,20,21,22,25,29,30
SPUR_B O=9,12,13,15,31 m=0 B=0,1,7,8,10,11,16,17,19,22,24,25,29,30
SPUR_B O=9,12,13,15,31 m=0 B=0,2,7,8,10,11,16,18,19,22,24,25,29,30
SPUR_B O=9,12,13,15,31 m=0 B=1,2,7,8,10,11,17,18,19,22,24,25,29,30
SPUR_B O=9,12,13,15,31 m=0 B=0,4,7,8,10,11,16,19,20,22,24,25,29,30
SPUR_B O=9,12,13,15,31 m=0 B=1,4,7,8,10,11,17,19,20,22,24,25,29,30
SPUR_B O=9,12,13,15,31 m=0 B=2,4,7,8,10,11,18,19,20,22,24,25,29,30
SPUR_B O=9,12,13,15,31 m=0 B=0,5,7,8,10,11,16,19,21,22,24,25,29,30
SPUR_B O=9,12,13,15,31 m=0 B=1,5,7,8,10,11,17,19,21,22,24,25,29,30
SPUR_B O=9,12,13,15,31 m=0 B=2,5,7,8,10,11,18,19,21,22,24,25,29,30
SPUR_B O=9,12,13,15,31 m=0 B=4,5,7,8,10,11,19,20,21,22,24,25,29,30
CLASS s=32 r=5 p=2013265921 O=9,12,13,15,31 m=0 char0=0 mitm=20 brute=20 genuine_bal=0 spurious=20 xiH=0
SPUR_B O=3,9,15,22,28 m=11 B=7,8,10,12,16,17,18,20,21,23,24,26,29,31
SPUR_B O=3,9,15,22,28 m=11 B=7,8,11,12,16,17,18,20,21,23,24,27,29,31
SPUR_B O=3,9,15,22,28 m=11 B=7,10,11,12,16,17,18,20,21,23,26,27,29,31
SPUR_B O=3,9,15,22,28 m=11 B=8,10,11,12,16,17,18,20,21,24,26,27,29,31
SPUR_B O=3,9,15,22,28 m=11 B=7,8,12,14,16,17,18,20,21,23,24,29,30,31
SPUR_B O=3,9,15,22,28 m=11 B=7,10,12,14,16,17,18,20,21,23,26,29,30,31
SPUR_B O=3,9,15,22,28 m=11 B=8,10,12,14,16,17,18,20,21,24,26,29,30,31
SPUR_B O=3,9,15,22,28 m=11 B=7,11,12,14,16,17,18,20,21,23,27,29,30,31
SPUR_B O=3,9,15,22,28 m=11 B=8,11,12,14,16,17,18,20,21,24,27,29,30,31
SPUR_B O=3,9,15,22,28 m=11 B=10,11,12,14,16,17,18,20,21,26,27,29,30,31
CLASS s=32 r=5 p=2013265921 O=3,9,15,22,28 m=11 char0=0 mitm=10 brute=10 genuine_bal=0 spurious=10 xiH=0
SPUR_B O=2,15,17,21,27 m=10 B=0,3,6,16,18,20,22,23,25,26,28,29,30,31
SPUR_B O=2,15,17,21,27 m=10 B=0,3,8,16,18,20,23,24,25,26,28,29,30,31
SPUR_B O=2,15,17,21,27 m=10 B=3,6,8,18,20,22,23,24,25,26,28,29,30,31
CLASS s=32 r=5 p=2013265921 O=2,15,17,21,27 m=10 char0=0 mitm=3 brute=3 genuine_bal=0 spurious=3 xiH=0
SPUR_B O=4,5,17,19,20 m=13 B=0,2,6,7,8,9,10,15,18,21,22,23,27,28
SPUR_B O=4,5,17,19,20 m=13 B=0,2,6,8,9,10,13,15,18,21,22,27,28,29
SPUR_B O=4,5,17,19,20 m=13 B=0,2,7,8,9,10,13,15,18,21,23,27,28,29
SPUR_B O=4,5,17,19,20 m=13 B=0,6,7,8,9,10,13,15,21,22,23,27,28,29
SPUR_B O=4,5,17,19,20 m=13 B=0,2,6,8,9,10,14,15,18,21,22,27,28,30
SPUR_B O=4,5,17,19,20 m=13 B=0,2,7,8,9,10,14,15,18,21,23,27,28,30
SPUR_B O=4,5,17,19,20 m=13 B=0,6,7,8,9,10,14,15,21,22,23,27,28,30
SPUR_B O=4,5,17,19,20 m=13 B=0,2,8,9,10,13,14,15,18,21,27,28,29,30
SPUR_B O=4,5,17,19,20 m=13 B=0,6,8,9,10,13,14,15,21,22,27,28,29,30
SPUR_B O=4,5,17,19,20 m=13 B=0,7,8,9,10,13,14,15,21,23,27,28,29,30
CLASS s=32 r=5 p=2013265921 O=4,5,17,19,20 m=13 char0=0 mitm=10 brute=10 genuine_bal=0 spurious=10 xiH=0
SPUR_B O=0,14,19,22,31 m=5 B=1,2,3,4,5,6,8,10,12,20,21,23,25,26
SPUR_B O=0,14,19,22,31 m=5 B=1,2,3,4,5,6,8,11,12,20,21,23,25,27
SPUR_B O=0,14,19,22,31 m=5 B=1,2,3,4,6,8,10,11,12,20,23,25,26,27
SPUR_B O=0,14,19,22,31 m=5 B=1,2,3,5,6,8,10,11,12,21,23,25,26,27
SPUR_B O=0,14,19,22,31 m=5 B=1,2,3,4,5,6,8,12,13,20,21,23,25,29
SPUR_B O=0,14,19,22,31 m=5 B=1,2,3,4,6,8,10,12,13,20,23,25,26,29
SPUR_B O=0,14,19,22,31 m=5 B=1,2,3,5,6,8,10,12,13,21,23,25,26,29
SPUR_B O=0,14,19,22,31 m=5 B=1,2,3,4,6,8,11,12,13,20,23,25,27,29
SPUR_B O=0,14,19,22,31 m=5 B=1,2,3,5,6,8,11,12,13,21,23,25,27,29
SPUR_B O=0,14,19,22,31 m=5 B=1,2,3,6,8,10,11,12,13,23,25,26,27,29
CLASS s=32 r=5 p=2013265921 O=0,14,19,22,31 m=5 char0=0 mitm=10 brute=10 genuine_bal=0 spurious=10 xiH=0
SPUR_B O=0,12,24,25,30 m=1 B=1,3,5,6,7,9,11,14,17,18,19,20,22,28
SPUR_B O=0,12,24,25,30 m=1 B=1,3,5,7,9,10,11,14,17,18,19,20,26,28
SPUR_B O=0,12,24,25,30 m=1 B=1,5,6,7,9,10,11,14,17,18,20,22,26,28
SPUR_B O=0,12,24,25,30 m=1 B=3,5,6,7,9,10,11,14,18,19,20,22,26,28
SPUR_B O=0,12,24,25,30 m=1 B=1,3,5,7,9,11,13,14,17,18,19,20,28,29
SPUR_B O=0,12,24,25,30 m=1 B=1,5,6,7,9,11,13,14,17,18,20,22,28,29
SPUR_B O=0,12,24,25,30 m=1 B=3,5,6,7,9,11,13,14,18,19,20,22,28,29
SPUR_B O=0,12,24,25,30 m=1 B=1,5,7,9,10,11,13,14,17,18,20,26,28,29
SPUR_B O=0,12,24,25,30 m=1 B=3,5,7,9,10,11,13,14,18,19,20,26,28,29
SPUR_B O=0,12,24,25,30 m=1 B=5,6,7,9,10,11,13,14,18,20,22,26,28,29
SPUR_B O=0,12,24,25,30 m=1 B=1,3,5,7,9,11,14,15,17,18,19,20,28,31
SPUR_B O=0,12,24,25,30 m=1 B=1,5,6,7,9,11,14,15,17,18,20,22,28,31
SPUR_B O=0,12,24,25,30 m=1 B=3,5,6,7,9,11,14,15,18,19,20,22,28,31
SPUR_B O=0,12,24,25,30 m=1 B=1,5,7,9,10,11,14,15,17,18,20,26,28,31
SPUR_B O=0,12,24,25,30 m=1 B=3,5,7,9,10,11,14,15,18,19,20,26,28,31
SPUR_B O=0,12,24,25,30 m=1 B=5,6,7,9,10,11,14,15,18,20,22,26,28,31
SPUR_B O=0,12,24,25,30 m=1 B=1,5,7,9,11,13,14,15,17,18,20,28,29,31
SPUR_B O=0,12,24,25,30 m=1 B=3,5,7,9,11,13,14,15,18,19,20,28,29,31
SPUR_B O=0,12,24,25,30 m=1 B=5,6,7,9,11,13,14,15,18,20,22,28,29,31
SPUR_B O=0,12,24,25,30 m=1 B=5,7,9,10,11,13,14,15,18,20,26,28,29,31
CLASS s=32 r=5 p=2013265921 O=0,12,24,25,30 m=1 char0=0 mitm=20 brute=20 genuine_bal=0 spurious=20 xiH=0
SPUR_B O=3,13,22,24,28 m=14 B=0,4,5,6,7,8,9,10,11,17,18,19,20,23
SPUR_B O=3,13,22,24,28 m=14 B=0,4,5,6,8,9,10,11,14,17,18,19,20,30
SPUR_B O=3,13,22,24,28 m=14 B=0,5,6,7,8,9,10,11,14,17,18,19,23,30
SPUR_B O=3,13,22,24,28 m=14 B=0,4,5,6,8,9,10,11,15,17,18,19,20,31
SPUR_B O=3,13,22,24,28 m=14 B=0,5,6,7,8,9,10,11,15,17,18,19,23,31
SPUR_B O=3,13,22,24,28 m=14 B=0,5,6,8,9,10,11,14,15,17,18,19,30,31
CLASS s=32 r=5 p=2013265921 O=3,13,22,24,28 m=14 char0=0 mitm=6 brute=6 genuine_bal=0 spurious=6 xiH=0
SPUR_B O=2,5,11,16,25 m=6 B=0,4,7,8,9,12,13,17,18,22,26,27,30,31
CLASS s=32 r=5 p=2013265921 O=2,5,11,16,25 m=6 char0=0 mitm=1 brute=1 genuine_bal=0 spurious=1 xiH=0
SPUR_B O=0,2,11,21,22 m=5 B=4,7,8,9,10,12,16,17,18,19,24,27,30,31
SPUR_B O=0,2,11,21,22 m=5 B=4,7,9,10,12,13,16,17,18,19,27,29,30,31
CLASS s=32 r=5 p=2013265921 O=0,2,11,21,22 m=5 char0=0 mitm=2 brute=2 genuine_bal=0 spurious=2 xiH=0
SPUR_B O=2,10,20,22,25 m=3 B=1,4,5,6,9,13,15,16,17,19,21,26,27,28
SPUR_B O=2,10,20,22,25 m=3 B=1,4,6,7,9,13,15,16,17,19,23,26,27,28
SPUR_B O=2,10,20,22,25 m=3 B=4,5,6,7,9,13,15,16,19,21,23,26,27,28
SPUR_B O=2,10,20,22,25 m=3 B=1,4,6,8,9,13,15,16,17,19,24,26,27,28
SPUR_B O=2,10,20,22,25 m=3 B=4,5,6,8,9,13,15,16,19,21,24,26,27,28
SPUR_B O=2,10,20,22,25 m=3 B=4,6,7,8,9,13,15,16,19,23,24,26,27,28
SPUR_B O=2,10,20,22,25 m=3 B=1,4,6,9,13,14,15,16,17,19,26,27,28,30
SPUR_B O=2,10,20,22,25 m=3 B=4,5,6,9,13,14,15,16,19,21,26,27,28,30
SPUR_B O=2,10,20,22,25 m=3 B=4,6,7,9,13,14,15,16,19,23,26,27,28,30
SPUR_B O=2,10,20,22,25 m=3 B=4,6,8,9,13,14,15,16,19,24,26,27,28,30
CLASS s=32 r=5 p=2013265921 O=2,10,20,22,25 m=3 char0=0 mitm=10 brute=10 genuine_bal=0 spurious=10 xiH=0
SPUR_B O=0,1,3,9,23 m=9 B=2,4,5,6,7,10,11,16,18,20,21,22,25,30
SPUR_B O=0,1,3,9,23 m=9 B=2,4,5,7,8,10,11,16,18,20,21,24,25,30
SPUR_B O=0,1,3,9,23 m=9 B=2,4,6,7,8,10,11,16,18,20,22,24,25,30
SPUR_B O=0,1,3,9,23 m=9 B=2,5,6,7,8,10,11,16,18,21,22,24,25,30
SPUR_B O=0,1,3,9,23 m=9 B=4,5,6,7,8,10,11,16,20,21,22,24,25,30
SPUR_B O=0,1,3,9,23 m=9 B=2,4,5,7,10,11,12,16,18,20,21,25,28,30
SPUR_B O=0,1,3,9,23 m=9 B=2,4,6,7,10,11,12,16,18,20,22,25,28,30
SPUR_B O=0,1,3,9,23 m=9 B=2,5,6,7,10,11,12,16,18,21,22,25,28,30
SPUR_B O=0,1,3,9,23 m=9 B=4,5,6,7,10,11,12,16,20,21,22,25,28,30
SPUR_B O=0,1,3,9,23 m=9 B=2,4,7,8,10,11,12,16,18,20,24,25,28,30
SPUR_B O=0,1,3,9,23 m=9 B=2,5,7,8,10,11,12,16,18,21,24,25,28,30
SPUR_B O=0,1,3,9,23 m=9 B=4,5,7,8,10,11,12,16,20,21,24,25,28,30
SPUR_B O=0,1,3,9,23 m=9 B=2,6,7,8,10,11,12,16,18,22,24,25,28,30
SPUR_B O=0,1,3,9,23 m=9 B=4,6,7,8,10,11,12,16,20,22,24,25,28,30
SPUR_B O=0,1,3,9,23 m=9 B=5,6,7,8,10,11,12,16,21,22,24,25,28,30
SPUR_B O=0,1,3,9,23 m=9 B=2,4,5,7,10,11,13,16,18,20,21,25,29,30
SPUR_B O=0,1,3,9,23 m=9 B=2,4,6,7,10,11,13,16,18,20,22,25,29,30
SPUR_B O=0,1,3,9,23 m=9 B=2,5,6,7,10,11,13,16,18,21,22,25,29,30
SPUR_B O=0,1,3,9,23 m=9 B=4,5,6,7,10,11,13,16,20,21,22,25,29,30
SPUR_B O=0,1,3,9,23 m=9 B=2,4,7,8,10,11,13,16,18,20,24,25,29,30
SPUR_B O=0,1,3,9,23 m=9 B=2,5,7,8,10,11,13,16,18,21,24,25,29,30
SPUR_B O=0,1,3,9,23 m=9 B=4,5,7,8,10,11,13,16,20,21,24,25,29,30
SPUR_B O=0,1,3,9,23 m=9 B=2,6,7,8,10,11,13,16,18,22,24,25,29,30
SPUR_B O=0,1,3,9,23 m=9 B=4,6,7,8,10,11,13,16,20,22,24,25,29,30
SPUR_B O=0,1,3,9,23 m=9 B=5,6,7,8,10,11,13,16,21,22,24,25,29,30
SPUR_B O=0,1,3,9,23 m=9 B=2,4,7,10,11,12,13,16,18,20,25,28,29,30
SPUR_B O=0,1,3,9,23 m=9 B=2,5,7,10,11,12,13,16,18,21,25,28,29,30
SPUR_B O=0,1,3,9,23 m=9 B=4,5,7,10,11,12,13,16,20,21,25,28,29,30
SPUR_B O=0,1,3,9,23 m=9 B=2,6,7,10,11,12,13,16,18,22,25,28,29,30
SPUR_B O=0,1,3,9,23 m=9 B=4,6,7,10,11,12,13,16,20,22,25,28,29,30
SPUR_B O=0,1,3,9,23 m=9 B=5,6,7,10,11,12,13,16,21,22,25,28,29,30
SPUR_B O=0,1,3,9,23 m=9 B=2,7,8,10,11,12,13,16,18,24,25,28,29,30
SPUR_B O=0,1,3,9,23 m=9 B=4,7,8,10,11,12,13,16,20,24,25,28,29,30
SPUR_B O=0,1,3,9,23 m=9 B=5,7,8,10,11,12,13,16,21,24,25,28,29,30
SPUR_B O=0,1,3,9,23 m=9 B=6,7,8,10,11,12,13,16,22,24,25,28,29,30
SPUR_B O=0,1,3,9,23 m=9 B=2,4,5,7,10,11,15,16,18,20,21,25,30,31
SPUR_B O=0,1,3,9,23 m=9 B=2,4,6,7,10,11,15,16,18,20,22,25,30,31
SPUR_B O=0,1,3,9,23 m=9 B=2,5,6,7,10,11,15,16,18,21,22,25,30,31
SPUR_B O=0,1,3,9,23 m=9 B=4,5,6,7,10,11,15,16,20,21,22,25,30,31
SPUR_B O=0,1,3,9,23 m=9 B=2,4,7,8,10,11,15,16,18,20,24,25,30,31
SPUR_B O=0,1,3,9,23 m=9 B=2,5,7,8,10,11,15,16,18,21,24,25,30,31
SPUR_B O=0,1,3,9,23 m=9 B=4,5,7,8,10,11,15,16,20,21,24,25,30,31
SPUR_B O=0,1,3,9,23 m=9 B=2,6,7,8,10,11,15,16,18,22,24,25,30,31
SPUR_B O=0,1,3,9,23 m=9 B=4,6,7,8,10,11,15,16,20,22,24,25,30,31
SPUR_B O=0,1,3,9,23 m=9 B=5,6,7,8,10,11,15,16,21,22,24,25,30,31
SPUR_B O=0,1,3,9,23 m=9 B=2,4,7,10,11,12,15,16,18,20,25,28,30,31
SPUR_B O=0,1,3,9,23 m=9 B=2,5,7,10,11,12,15,16,18,21,25,28,30,31
SPUR_B O=0,1,3,9,23 m=9 B=4,5,7,10,11,12,15,16,20,21,25,28,30,31
SPUR_B O=0,1,3,9,23 m=9 B=2,6,7,10,11,12,15,16,18,22,25,28,30,31
SPUR_B O=0,1,3,9,23 m=9 B=4,6,7,10,11,12,15,16,20,22,25,28,30,31
SPUR_B O=0,1,3,9,23 m=9 B=5,6,7,10,11,12,15,16,21,22,25,28,30,31
SPUR_B O=0,1,3,9,23 m=9 B=2,7,8,10,11,12,15,16,18,24,25,28,30,31
SPUR_B O=0,1,3,9,23 m=9 B=4,7,8,10,11,12,15,16,20,24,25,28,30,31
SPUR_B O=0,1,3,9,23 m=9 B=5,7,8,10,11,12,15,16,21,24,25,28,30,31
SPUR_B O=0,1,3,9,23 m=9 B=6,7,8,10,11,12,15,16,22,24,25,28,30,31
SPUR_B O=0,1,3,9,23 m=9 B=2,4,7,10,11,13,15,16,18,20,25,29,30,31
SPUR_B O=0,1,3,9,23 m=9 B=2,5,7,10,11,13,15,16,18,21,25,29,30,31
SPUR_B O=0,1,3,9,23 m=9 B=4,5,7,10,11,13,15,16,20,21,25,29,30,31
SPUR_B O=0,1,3,9,23 m=9 B=2,6,7,10,11,13,15,16,18,22,25,29,30,31
SPUR_B O=0,1,3,9,23 m=9 B=4,6,7,10,11,13,15,16,20,22,25,29,30,31
SPUR_B O=0,1,3,9,23 m=9 B=5,6,7,10,11,13,15,16,21,22,25,29,30,31
SPUR_B O=0,1,3,9,23 m=9 B=2,7,8,10,11,13,15,16,18,24,25,29,30,31
SPUR_B O=0,1,3,9,23 m=9 B=4,7,8,10,11,13,15,16,20,24,25,29,30,31
SPUR_B O=0,1,3,9,23 m=9 B=5,7,8,10,11,13,15,16,21,24,25,29,30,31
SPUR_B O=0,1,3,9,23 m=9 B=6,7,8,10,11,13,15,16,22,24,25,29,30,31
SPUR_B O=0,1,3,9,23 m=9 B=2,7,10,11,12,13,15,16,18,25,28,29,30,31
SPUR_B O=0,1,3,9,23 m=9 B=4,7,10,11,12,13,15,16,20,25,28,29,30,31
SPUR_B O=0,1,3,9,23 m=9 B=5,7,10,11,12,13,15,16,21,25,28,29,30,31
SPUR_B O=0,1,3,9,23 m=9 B=6,7,10,11,12,13,15,16,22,25,28,29,30,31
SPUR_B O=0,1,3,9,23 m=9 B=7,8,10,11,12,13,15,16,24,25,28,29,30,31
CLASS s=32 r=5 p=2013265921 O=0,1,3,9,23 m=9 char0=0 mitm=70 brute=70 genuine_bal=0 spurious=70 xiH=0
SPUR_B O=5,7,8,11,14 m=10 B=0,2,3,10,17,18,20,21,22,24,25,26,27,29
SPUR_B O=5,7,8,11,14 m=10 B=0,2,3,12,17,18,20,21,22,24,25,27,28,29
SPUR_B O=5,7,8,11,14 m=10 B=0,3,10,12,17,20,21,22,24,25,26,27,28,29
SPUR_B O=5,7,8,11,14 m=10 B=0,2,3,15,17,18,20,21,22,24,25,27,29,31
SPUR_B O=5,7,8,11,14 m=10 B=0,3,10,15,17,20,21,22,24,25,26,27,29,31
SPUR_B O=5,7,8,11,14 m=10 B=0,3,12,15,17,20,21,22,24,25,27,28,29,31
CLASS s=32 r=5 p=2013265921 O=5,7,8,11,14 m=10 char0=0 mitm=6 brute=6 genuine_bal=0 spurious=6 xiH=0
SPUR_B O=1,10,21,27,31 m=10 B=2,4,8,9,11,12,13,15,16,18,19,22,23,25
SPUR_B O=1,10,21,27,31 m=10 B=2,4,8,11,12,13,14,15,16,18,19,22,23,30
SPUR_B O=1,10,21,27,31 m=10 B=4,8,9,11,12,13,14,15,16,19,22,23,25,30
CLASS s=32 r=5 p=2013265921 O=1,10,21,27,31 m=10 char0=0 mitm=3 brute=3 genuine_bal=0 spurious=3 xiH=0
SPUR_B O=3,22,26,28,30 m=0 B=0,1,2,4,6,8,14,16,17,19,20,21,25,31
SPUR_B O=3,22,26,28,30 m=0 B=0,1,2,6,7,8,14,16,17,19,21,23,25,31
SPUR_B O=3,22,26,28,30 m=0 B=0,2,4,6,7,8,14,16,19,20,21,23,25,31
SPUR_B O=3,22,26,28,30 m=0 B=1,2,4,6,7,8,14,17,19,20,21,23,25,31
SPUR_B O=3,22,26,28,30 m=0 B=0,1,2,6,8,11,14,16,17,19,21,25,27,31
SPUR_B O=3,22,26,28,30 m=0 B=0,2,4,6,8,11,14,16,19,20,21,25,27,31
SPUR_B O=3,22,26,28,30 m=0 B=1,2,4,6,8,11,14,17,19,20,21,25,27,31
SPUR_B O=3,22,26,28,30 m=0 B=0,2,6,7,8,11,14,16,19,21,23,25,27,31
SPUR_B O=3,22,26,28,30 m=0 B=1,2,6,7,8,11,14,17,19,21,23,25,27,31
SPUR_B O=3,22,26,28,30 m=0 B=2,4,6,7,8,11,14,19,20,21,23,25,27,31
SPUR_B O=3,22,26,28,30 m=0 B=0,1,2,6,8,13,14,16,17,19,21,25,29,31
SPUR_B O=3,22,26,28,30 m=0 B=0,2,4,6,8,13,14,16,19,20,21,25,29,31
SPUR_B O=3,22,26,28,30 m=0 B=1,2,4,6,8,13,14,17,19,20,21,25,29,31
SPUR_B O=3,22,26,28,30 m=0 B=0,2,6,7,8,13,14,16,19,21,23,25,29,31
SPUR_B O=3,22,26,28,30 m=0 B=1,2,6,7,8,13,14,17,19,21,23,25,29,31
SPUR_B O=3,22,26,28,30 m=0 B=2,4,6,7,8,13,14,19,20,21,23,25,29,31
SPUR_B O=3,22,26,28,30 m=0 B=0,2,6,8,11,13,14,16,19,21,25,27,29,31
SPUR_B O=3,22,26,28,30 m=0 B=1,2,6,8,11,13,14,17,19,21,25,27,29,31
SPUR_B O=3,22,26,28,30 m=0 B=2,4,6,8,11,13,14,19,20,21,25,27,29,31
SPUR_B O=3,22,26,28,30 m=0 B=2,6,7,8,11,13,14,19,21,23,25,27,29,31
CLASS s=32 r=5 p=2013265921 O=3,22,26,28,30 m=0 char0=0 mitm=20 brute=20 genuine_bal=0 spurious=20 xiH=0
SPUR_B O=1,12,14,16,19 m=10 B=0,2,3,8,13,15,17,20,22,23,25,26,27,30
CLASS s=32 r=5 p=2013265921 O=1,12,14,16,19 m=10 char0=0 mitm=1 brute=1 genuine_bal=0 spurious=1 xiH=0
SPUR_B O=0,12,18,19,24 m=6 B=1,3,5,6,8,10,11,13,15,16,20,22,23,28
SPUR_B O=0,12,18,19,24 m=6 B=1,3,5,8,9,10,11,13,15,16,20,23,25,28
SPUR_B O=0,12,18,19,24 m=6 B=1,3,5,8,10,11,13,14,15,16,20,23,28,30
CLASS s=32 r=5 p=2013265921 O=0,12,18,19,24 m=6 char0=0 mitm=3 brute=3 genuine_bal=0 spurious=3 xiH=0
SPUR_B O=4,5,13,14,27 m=0 B=1,3,6,8,9,10,11,15,16,17,18,21,28,29
SPUR_B O=4,5,13,14,27 m=0 B=3,6,7,8,9,10,11,15,16,18,21,23,28,29
CLASS s=32 r=5 p=2013265921 O=4,5,13,14,27 m=0 char0=0 mitm=2 brute=2 genuine_bal=0 spurious=2 xiH=0
SPUR_B O=1,2,7,21,30 m=11 B=0,4,5,9,12,13,14,15,16,17,18,22,24,26
SPUR_B O=1,2,7,21,30 m=11 B=3,4,5,9,12,13,14,15,17,18,19,22,24,26
SPUR_B O=1,2,7,21,30 m=11 B=4,5,9,11,12,13,14,15,17,18,22,24,26,27
CLASS s=32 r=5 p=2013265921 O=1,2,7,21,30 m=11 char0=0 mitm=3 brute=3 genuine_bal=0 spurious=3 xiH=0
