SPUR_B O=1,13,17,19,28 m=1 B=0,2,6,7,9,11,16,18,20,21,24,26,27,30
SPUR_B O=1,13,17,19,28 m=1 B=0,2,6,7,9,15,16,18,20,21,24,26,30,31
SPUR_B O=1,13,17,19,28 m=1 B=0,6,7,9,11,15,16,20,21,24,26,27,30,31
SPUR_B O=1,13,17,19,28 m=1 B=2,6,7,9,11,15,18,20,21,24,26,27,30,31
CLASS s=32 r=5 p=3221225473 O=1,13,17,19,28 m=1 char0=0 mitm=4 brute=4 genuine_bal=0 spurious=4 xiH=0
SPUR_B O=18,19,20,23,27 m=6 B=2,3,6,8,9,11,15,16,17,21,22,24,26,28
SPUR_B O=18,19,20,23,27 m=6 B=2,3,6,9,11,13,15,16,17,21,22,26,28,29
SPUR_B O=18,19,20,23,27 m=6 B=2,3,8,9,11,13,15,16,17,21,24,26,28,29
SPUR_B O=18,19,20,23,27 m=6 B=2,3,6,9,11,14,15,16,17,21,22,26,28,30
SPUR_B O=18,19,20,23,27 m=6 B=2,3,8,9,11,14,15,16,17,21,24,26,28,30
SPUR_B O=18,19,20,23,27 m=6 B=2,3,9,11,13,14,15,16,17,21,26,28,29,30
CLASS s=32 r=5 p=3221225473 O=18,19,20,23,27 m=6 char0=0 mitm=6 brute=6 genuine_bal=0 spurious=6 xiH=0
SPUR_B O=0,5,6,21,23 m=9 B=2,4,7,8,14,15,16,17,19,22,24,25,26,29
SPUR_B O=0,5,6,21,23 m=9 B=2,4,7,11,14,15,16,17,19,22,25,26,27,29
SPUR_B O=0,5,6,21,23 m=9 B=2,4,7,12,14,15,16,17,19,22,25,26,28,29
CLASS s=32 r=5 p=3221225473 O=0,5,6,21,23 m=9 char0=0 mitm=3 brute=3 genuine_bal=0 spurious=3 xiH=0
SPUR_B O=3,17,18,24,26 m=10 B=4,5,7,9,11,16,19,21,22,23,25,28,30,31
SPUR_B O=3,17,18,24,26 m=10 B=4,5,7,11,13,16,19,21,22,23,28,29,30,31
SPUR_B O=3,17,18,24,26 m=10 B=4,5,9,11,13,16,19,21,22,25,28,29,30,31
SPUR_B O=3,17,18,24,26 m=10 B=4,7,9,11,13,16,19,22,23,25,28,29,30,31
CLASS s=32 r=5 p=3221225473 O=3,17,18,24,26 m=10 char0=0 mitm=4 brute=4 genuine_bal=0 spurious=4 xiH=0
SPUR_B O=6,10,13,17,29 m=1 B=0,3,4,8,12,16,18,20,22,23,25,26,27,31
SPUR_B O=6,10,13,17,29 m=1 B=0,3,5,8,12,16,18,21,22,23,25,26,27,31
SPUR_B O=6,10,13,17,29 m=1 B=3,4,5,8,12,18,20,21,22,23,25,26,27,31
SPUR_B O=6,10,13,17,29 m=1 B=0,3,8,12,14,16,18,22,23,25,26,27,30,31
SPUR_B O=6,10,13,17,29 m=1 B=3,4,8,12,14,18,20,22,23,25,26,27,30,31
SPUR_B O=6,10,13,17,29 m=1 B=3,5,8,12,14,18,21,22,23,25,26,27,30,31
CLASS s=32 r=5 p=3221225473 O=6,10,13,17,29 m=1 char0=0 mitm=6 brute=6 genuine_bal=0 spurious=6 xiH=0
SPUR_B O=8,10,12,22,28 m=5 B=1,6,9,16,17,18,19,20,21,23,27,29,30,31
CLASS s=32 r=5 p=3221225473 O=8,10,12,22,28 m=5 char0=0 mitm=1 brute=1 genuine_bal=0 spurious=1 xiH=0
SPUR_B O=0,13,22,24,30 m=0 B=1,3,4,5,6,7,12,18,19,21,25,26,27,28
SPUR_B O=0,13,22,24,30 m=0 B=1,3,4,5,6,7,15,18,19,21,25,26,27,31
SPUR_B O=0,13,22,24,30 m=0 B=1,3,4,6,7,12,15,18,19,25,26,27,28,31
SPUR_B O=0,13,22,24,30 m=0 B=1,4,5,6,7,12,15,18,21,25,26,27,28,31
CLASS s=32 r=5 p=3221225473 O=0,13,22,24,30 m=0 char0=0 mitm=4 brute=4 genuine_bal=0 spurious=4 xiH=0
SPUR_B O=8,10,13,20,22 m=2 B=4,6,11,14,15,16,17,21,23,24,25,26,28,29
CLASS s=32 r=5 p=3221225473 O=8,10,13,20,22 m=2 char0=0 mitm=1 brute=1 genuine_bal=0 spurious=1 xiH=0
SPUR_B O=4,8,16,17,20 m=4 B=1,7,11,12,13,14,18,19,21,22,23,25,26,30
SPUR_B O=4,8,16,17,20 m=4 B=1,7,11,12,13,15,18,19,21,22,23,25,26,31
SPUR_B O=4,8,16,17,20 m=4 B=1,11,12,13,14,15,18,19,21,22,25,26,30,31
CLASS s=32 r=5 p=3221225473 O=4,8,16,17,20 m=4 char0=0 mitm=3 brute=3 genuine_bal=0 spurious=3 xiH=0
SPUR_B O=4,8,14,20,25 m=14 B=1,2,3,5,6,10,13,15,16,18,22,23,26,28
SPUR_B O=4,8,14,20,25 m=14 B=1,2,3,5,6,11,13,15,16,18,22,23,27,28
SPUR_B O=4,8,14,20,25 m=14 B=1,2,3,5,10,11,13,15,16,18,23,26,27,28
SPUR_B O=4,8,14,20,25 m=14 B=1,3,5,6,10,11,13,15,16,22,23,26,27,28
CLASS s=32 r=5 p=3221225473 O=4,8,14,20,25 m=14 char0=0 mitm=4 brute=4 genuine_bal=0 spurious=4 xiH=0
SPUR_B O=8,21,25,29,30 m=14 B=0,3,5,6,9,11,16,17,18,19,20,24,28,31
SPUR_B O=8,21,25,29,30 m=14 B=0,5,6,7,9,11,16,17,18,20,23,24,28,31
SPUR_B O=8,21,25,29,30 m=14 B=3,5,6,7,9,11,17,18,19,20,23,24,28,31
SPUR_B O=8,21,25,29,30 m=14 B=0,5,6,9,10,11,16,17,18,20,24,26,28,31
SPUR_B O=8,21,25,29,30 m=14 B=3,5,6,9,10,11,17,18,19,20,24,26,28,31
SPUR_B O=8,21,25,29,30 m=14 B=5,6,7,9,10,11,17,18,20,23,24,26,28,31
CLASS s=32 r=5 p=3221225473 O=8,21,25,29,30 m=14 char0=0 mitm=6 brute=6 genuine_bal=0 spurious=6 xiH=0
SPUR_B O=3,6,8,16,24 m=1 B=0,4,5,7,17,18,19,20,21,22,23,27,28,31
SPUR_B O=3,6,8,16,24 m=1 B=0,4,5,9,17,18,19,20,21,22,25,27,28,31
SPUR_B O=3,6,8,16,24 m=1 B=0,4,7,9,17,18,19,20,22,23,25,27,28,31
SPUR_B O=3,6,8,16,24 m=1 B=0,5,7,9,17,18,19,21,22,23,25,27,28,31
SPUR_B O=3,6,8,16,24 m=1 B=0,4,5,10,17,18,19,20,21,22,26,27,28,31
SPUR_B O=3,6,8,16,24 m=1 B=0,4,7,10,17,18,19,20,22,23,26,27,28,31
SPUR_B O=3,6,8,16,24 m=1 B=0,5,7,10,17,18,19,21,22,23,26,27,28,31
SPUR_B O=3,6,8,16,24 m=1 B=0,4,9,10,17,18,19,20,22,25,26,27,28,31
SPUR_B O=3,6,8,16,24 m=1 B=0,5,9,10,17,18,19,21,22,25,26,27,28,31
SPUR_B O=3,6,8,16,24 m=1 B=0,7,9,10,17,18,19,22,23,25,26,27,28,31
SPUR_B O=3,6,8,16,24 m=1 B=0,4,5,13,17,18,19,20,21,22,27,28,29,31
SPUR_B O=3,6,8,16,24 m=1 B=0,4,7,13,17,18,19,20,22,23,27,28,29,31
SPUR_B O=3,6,8,16,24 m=1 B=0,5,7,13,17,18,19,21,22,23,27,28,29,31
SPUR_B O=3,6,8,16,24 m=1 B=0,4,9,13,17,18,19,20,22,25,27,28,29,31
SPUR_B O=3,6,8,16,24 m=1 B=0,5,9,13,17,18,19,21,22,25,27,28,29,31
SPUR_B O=3,6,8,16,24 m=1 B=0,7,9,13,17,18,19,22,23,25,27,28,29,31
SPUR_B O=3,6,8,16,24 m=1 B=0,4,10,13,17,18,19,20,22,26,27,28,29,31
SPUR_B O=3,6,8,16,24 m=1 B=0,5,10,13,17,18,19,21,22,26,27,28,29,31
SPUR_B O=3,6,8,16,24 m=1 B=0,7,10,13,17,18,19,22,23,26,27,28,29,31
SPUR_B O=3,6,8,16,24 m=1 B=0,9,10,13,17,18,19,22,25,26,27,28,29,31
SPUR_B O=3,6,8,16,24 m=1 B=0,4,5,14,17,18,19,20,21,22,27,28,30,31
SPUR_B O=3,6,8,16,24 m=1 B=0,4,7,14,17,18,19,20,22,23,27,28,30,31
SPUR_B O=3,6,8,16,24 m=1 B=0,5,7,14,17,18,19,21,22,23,27,28,30,31
SPUR_B O=3,6,8,16,24 m=1 B=0,4,9,14,17,18,19,20,22,25,27,28,30,31
SPUR_B O=3,6,8,16,24 m=1 B=0,5,9,14,17,18,19,21,22,25,27,28,30,31
SPUR_B O=3,6,8,16,24 m=1 B=0,7,9,14,17,18,19,22,23,25,27,28,30,31
SPUR_B O=3,6,8,16,24 m=1 B=0,4,10,14,17,18,19,20,22,26,27,28,30,31
SPUR_B O=3,6,8,16,24 m=1 B=0,5,10,14,17,18,19,21,22,26,27,28,30,31
SPUR_B O=3,6,8,16,24 m=1 B=0,7,10,14,17,18,19,22,23,26,27,28,30,31
SPUR_B O=3,6,8,16,24 m=1 B=0,9,10,14,17,18,19,22,25,26,27,28,30,31
SPUR_B O=3,6,8,16,24 m=1 B=0,4,13,14,17,18,19,20,22,27,28,29,30,31
SPUR_B O=3,6,8,16,24 m=1 B=0,5,13,14,17,18,19,21,22,27,28,29,30,31
SPUR_B O=3,6,8,16,24 m=1 B=0,7,13,14,17,18,19,22,23,27,28,29,30,31
SPUR_B O=3,6,8,16,24 m=1 B=0,9,13,14,17,18,19,22,25,27,28,29,30,31
SPUR_B O=3,6,8,16,24 m=1 B=0,10,13,14,17,18,19,22,26,27,28,29,30,31
CLASS s=32 r=5 p=3221225473 O=3,6,8,16,24 m=1 char0=0 mitm=35 brute=35 genuine_bal=0 spurious=35 xiH=0
SPUR_B O=5,8,12,23,29 m=9 B=0,2,3,7,9,10,11,13,16,17,18,22,24,28
SPUR_B O=5,8,12,23,29 m=9 B=0,3,4,7,9,10,11,13,16,17,20,22,24,28
SPUR_B O=5,8,12,23,29 m=9 B=2,3,4,7,9,10,11,13,17,18,20,22,24,28
SPUR_B O=5,8,12,23,29 m=9 B=0,3,7,9,10,11,13,14,16,17,22,24,28,30
SPUR_B O=5,8,12,23,29 m=9 B=2,3,7,9,10,11,13,14,17,18,22,24,28,30
SPUR_B O=5,8,12,23,29 m=9 B=3,4,7,9,10,11,13,14,17,20,22,24,28,30
SPUR_B O=5,8,12,23,29 m=9 B=0,3,7,9,10,11,13,15,16,17,22,24,28,31
SPUR_B O=5,8,12,23,29 m=9 B=2,3,7,9,10,11,13,15,17,18,22,24,28,31
SPUR_B O=5,8,12,23,29 m=9 B=3,4,7,9,10,11,13,15,17,20,22,24,28,31
SPUR_B O=5,8,12,23,29 m=9 B=3,7,9,10,11,13,14,15,17,22,24,28,30,31
CLASS s=32 r=5 p=3221225473 O=5,8,12,23,29 m=9 char0=0 mitm=10 brute=10 genuine_bal=0 spurious=10 xiH=0
SPUR_B O=10,19,22,25,28 m=9 B=0,2,5,6,8,11,13,14,16,17,18,20,23,24
SPUR_B O=10,19,22,25,28 m=9 B=0,2,5,6,11,13,14,15,16,17,18,20,23,31
SPUR_B O=10,19,22,25,28 m=9 B=0,5,6,8,11,13,14,15,16,17,20,23,24,31
SPUR_B O=10,19,22,25,28 m=9 B=2,5,6,8,11,13,14,15,17,18,20,23,24,31
CLASS s=32 r=5 p=3221225473 O=10,19,22,25,28 m=9 char0=0 mitm=4 brute=4 genuine_bal=0 spurious=4 xiH=0
SPUR_B O=1,8,27,28,31 m=15 B=2,5,6,9,10,12,15,16,19,20,23,24,26,29
SPUR_B O=1,8,27,28,31 m=15 B=2,5,6,9,12,14,15,16,19,20,23,24,29,30
CLASS s=32 r=5 p=3221225473 O=1,8,27,28,31 m=15 char0=0 mitm=2 brute=2 genuine_bal=0 spurious=2 xiH=0
SPUR_B O=0,1,4,22,31 m=4 B=3,5,6,8,10,12,17,18,20,21,23,25,26,27
SPUR_B O=0,1,4,22,31 m=4 B=3,5,6,8,12,13,17,18,20,21,23,25,27,29
SPUR_B O=0,1,4,22,31 m=4 B=3,6,8,10,12,13,17,18,20,23,25,26,27,29
SPUR_B O=0,1,4,22,31 m=4 B=3,5,6,8,12,14,17,18,20,21,23,25,27,30
SPUR_B O=0,1,4,22,31 m=4 B=3,6,8,10,12,14,17,18,20,23,25,26,27,30
SPUR_B O=0,1,4,22,31 m=4 B=3,6,8,12,13,14,17,18,20,23,25,27,29,30
CLASS s=32 r=5 p=3221225473 O=0,1,4,22,31 m=4 char0=0 mitm=6 brute=6 genuine_bal=0 spurious=6 xiH=0
SPUR_B O=1,2,3,7,20 m=7 B=0,4,5,6,8,9,10,18,21,22,24,25,29,31
SPUR_B O=1,2,3,7,20 m=7 B=0,4,5,6,8,10,11,18,21,22,24,27,29,31
SPUR_B O=1,2,3,7,20 m=7 B=0,4,5,6,9,10,11,18,21,22,25,27,29,31
SPUR_B O=1,2,3,7,20 m=7 B=0,4,5,8,9,10,11,18,21,24,25,27,29,31
SPUR_B O=1,2,3,7,20 m=7 B=0,4,6,8,9,10,11,18,22,24,25,27,29,31
SPUR_B O=1,2,3,7,20 m=7 B=0,4,5,6,8,10,12,18,21,22,24,28,29,31
SPUR_B O=1,2,3,7,20 m=7 B=0,4,5,6,9,10,12,18,21,22,25,28,29,31
SPUR_B O=1,2,3,7,20 m=7 B=0,4,5,8,9,10,12,18,21,24,25,28,29,31
SPUR_B O=1,2,3,7,20 m=7 B=0,4,6,8,9,10,12,18,22,24,25,28,29,31
SPUR_B O=1,2,3,7,20 m=7 B=0,4,5,6,10,11,12,18,21,22,27,28,29,31
SPUR_B O=1,2,3,7,20 m=7 B=0,4,5,8,10,11,12,18,21,24,27,28,29,31
SPUR_B O=1,2,3,7,20 m=7 B=0,4,6,8,10,11,12,18,22,24,27,28,29,31
SPUR_B O=1,2,3,7,20 m=7 B=0,4,5,9,10,11,12,18,21,25,27,28,29,31
SPUR_B O=1,2,3,7,20 m=7 B=0,4,6,9,10,11,12,18,22,25,27,28,29,31
SPUR_B O=1,2,3,7,20 m=7 B=0,4,8,9,10,11,12,18,24,25,27,28,29,31
SPUR_B O=1,2,3,7,20 m=7 B=0,4,5,6,8,10,14,18,21,22,24,29,30,31
SPUR_B O=1,2,3,7,20 m=7 B=0,4,5,6,9,10,14,18,21,22,25,29,30,31
SPUR_B O=1,2,3,7,20 m=7 B=0,4,5,8,9,10,14,18,21,24,25,29,30,31
SPUR_B O=1,2,3,7,20 m=7 B=0,4,6,8,9,10,14,18,22,24,25,29,30,31
SPUR_B O=1,2,3,7,20 m=7 B=0,4,5,6,10,11,14,18,21,22,27,29,30,31
SPUR_B O=1,2,3,7,20 m=7 B=0,4,5,8,10,11,14,18,21,24,27,29,30,31
SPUR_B O=1,2,3,7,20 m=7 B=0,4,6,8,10,11,14,18,22,24,27,29,30,31
SPUR_B O=1,2,3,7,20 m=7 B=0,4,5,9,10,11,14,18,21,25,27,29,30,31
SPUR_B O=1,2,3,7,20 m=7 B=0,4,6,9,10,11,14,18,22,25,27,29,30,31
SPUR_B O=1,2,3,7,20 m=7 B=0,4,8,9,10,11,14,18,24,25,27,29,30,31
SPUR_B O=1,2,3,7,20 m=7 B=0,4,5,6,10,12,14,18,21,22,28,29,30,31
SPUR_B O=1,2,3,7,20 m=7 B=0,4,5,8,10,12,14,18,21,24,28,29,30,31
SPUR_B O=1,2,3,7,20 m=7 B=0,4,6,8,10,12,14,18,22,24,28,29,30,31
SPUR_B O=1,2,3,7,20 m=7 B=0,4,5,9,10,12,14,18,21,25,28,29,30,31
SPUR_B O=1,2,3,7,20 m=7 B=0,4,6,9,10,12,14,18,22,25,28,29,30,31
SPUR_B O=1,2,3,7,20 m=7 B=0,4,8,9,10,12,14,18,24,25,28,29,30,31
SPUR_B O=1,2,3,7,20 m=7 B=0,4,5,10,11,12,14,18,21,27,28,29,30,31
SPUR_B O=1,2,3,7,20 m=7 B=0,4,6,10,11,12,14,18,22,27,28,29,30,31
SPUR_B O=1,2,3,7,20 m=7 B=0,4,8,10,11,12,14,18,24,27,28,29,30,31
SPUR_B O=1,2,3,7,20 m=7 B=0,4,9,10,11,12,14,18,25,27,28,29,30,31
CLASS s=32 r=5 p=3221225473 O=1,2,3,7,20 m=7 char0=0 mitm=35 brute=35 genuine_bal=0 spurious=35 xiH=0
SPUR_B O=2,4,14,21,29 m=1 B=0,1,3,6,7,8,10,13,17,23,27,28,30,31
SPUR_B O=2,4,14,21,29 m=1 B=0,1,3,6,8,9,10,13,17,25,27,28,30,31
SPUR_B O=2,4,14,21,29 m=1 B=0,3,6,7,8,9,10,13,23,25,27,28,30,31
CLASS s=32 r=5 p=3221225473 O=2,4,14,21,29 m=1 char0=0 mitm=3 brute=3 genuine_bal=0 spurious=3 xiH=0
SPUR_B O=8,12,21,26,30 m=2 B=0,1,3,4,6,15,17,18,19,22,24,27,28,29
SPUR_B O=8,12,21,26,30 m=2 B=0,1,3,4,7,15,17,18,19,23,24,27,28,29
SPUR_B O=8,12,21,26,30 m=2 B=0,1,4,6,7,15,17,18,22,23,24,27,28,29
SPUR_B O=8,12,21,26,30 m=2 B=0,3,4,6,7,15,18,19,22,23,24,27,28,29
SPUR_B O=8,12,21,26,30 m=2 B=0,1,3,4,9,15,17,18,19,24,25,27,28,29
SPUR_B O=8,12,21,26,30 m=2 B=0,1,4,6,9,15,17,18,22,24,25,27,28,29
SPUR_B O=8,12,21,26,30 m=2 B=0,3,4,6,9,15,18,19,22,24,25,27,28,29
SPUR_B O=8,12,21,26,30 m=2 B=0,1,4,7,9,15,17,18,23,24,25,27,28,29
SPUR_B O=8,12,21,26,30 m=2 B=0,3,4,7,9,15,18,19,23,24,25,27,28,29
SPUR_B O=8,12,21,26,30 m=2 B=0,4,6,7,9,15,18,22,23,24,25,27,28,29
CLASS s=32 r=5 p=3221225473 O=8,12,21,26,30 m=2 char0=0 mitm=10 brute=10 genuine_bal=0 spurious=10 xiH=0
SPUR_B O=0,4,27,28,30 m=3 B=1,2,5,7,8,9,18,19,20,21,22,23,24,31
SPUR_B O=0,4,27,28,30 m=3 B=1,2,5,7,9,10,18,19,20,21,22,23,26,31
SPUR_B O=0,4,27,28,30 m=3 B=1,2,5,8,9,10,18,19,20,21,22,24,26,31
SPUR_B O=0,4,27,28,30 m=3 B=1,2,7,8,9,10,18,19,20,22,23,24,26,31
SPUR_B O=0,4,27,28,30 m=3 B=1,5,7,8,9,10,19,20,21,22,23,24,26,31
SPUR_B O=0,4,27,28,30 m=3 B=1,2,5,7,9,13,18,19,20,21,22,23,29,31
SPUR_B O=0,4,27,28,30 m=3 B=1,2,5,8,9,13,18,19,20,21,22,24,29,31
SPUR_B O=0,4,27,28,30 m=3 B=1,2,7,8,9,13,18,19,20,22,23,24,29,31
SPUR_B O=0,4,27,28,30 m=3 B=1,5,7,8,9,13,19,20,21,22,23,24,29,31
SPUR_B O=0,4,27,28,30 m=3 B=1,2,5,9,10,13,18,19,20,21,22,26,29,31
SPUR_B O=0,4,27,28,30 m=3 B=1,2,7,9,10,13,18,19,20,22,23,26,29,31
SPUR_B O=0,4,27,28,30 m=3 B=1,5,7,9,10,13,19,20,21,22,23,26,29,31
SPUR_B O=0,4,27,28,30 m=3 B=1,2,8,9,10,13,18,19,20,22,24,26,29,31
SPUR_B O=0,4,27,28,30 m=3 B=1,5,8,9,10,13,19,20,21,22,24,26,29,31
SPUR_B O=0,4,27,28,30 m=3 B=1,7,8,9,10,13,19,20,22,23,24,26,29,31
CLASS s=32 r=5 p=3221225473 O=0,4,27,28,30 m=3 char0=0 mitm=15 brute=15 genuine_bal=0 spurious=15 xiH=0
SPUR_B O=0,8,10,11,12 m=3 B=1,3,4,9,13,14,18,21,22,23,24,27,30,31
CLASS s=32 r=5 p=3221225473 O=0,8,10,11,12 m=3 char0=0 mitm=1 brute=1 genuine_bal=0 spurious=1 xiH=0
SPUR_B O=1,16,20,24,31 m=15 B=0,3,5,6,7,8,9,15,18,19,22,25,28,29
SPUR_B O=1,16,20,24,31 m=15 B=0,3,5,6,7,8,10,15,18,19,22,26,28,29
SPUR_B O=1,16,20,24,31 m=15 B=0,3,5,7,8,9,10,15,18,19,25,26,28,29
SPUR_B O=1,16,20,24,31 m=15 B=0,5,6,7,8,9,10,15,18,22,25,26,28,29
SPUR_B O=1,16,20,24,31 m=15 B=0,3,5,6,7,8,11,15,18,19,22,27,28,29
SPUR_B O=1,16,20,24,31 m=15 B=0,3,5,7,8,9,11,15,18,19,25,27,28,29
SPUR_B O=1,16,20,24,31 m=15 B=0,5,6,7,8,9,11,15,18,22,25,27,28,29
SPUR_B O=1,16,20,24,31 m=15 B=0,3,5,7,8,10,11,15,18,19,26,27,28,29
SPUR_B O=1,16,20,24,31 m=15 B=0,5,6,7,8,10,11,15,18,22,26,27,28,29
SPUR_B O=1,16,20,24,31 m=15 B=0,5,7,8,9,10,11,15,18,25,26,27,28,29
SPUR_B O=1,16,20,24,31 m=15 B=0,3,5,6,7,8,14,15,18,19,22,28,29,30
SPUR_B O=1,16,20,24,31 m=15 B=0,3,5,7,8,9,14,15,18,19,25,28,29,30
SPUR_B O=1,16,20,24,31 m=15 B=0,5,6,7,8,9,14,15,18,22,25,28,29,30
SPUR_B O=1,16,20,24,31 m=15 B=0,3,5,7,8,10,14,15,18,19,26,28,29,30
SPUR_B O=1,16,20,24,31 m=15 B=0,5,6,7,8,10,14,15,18,22,26,28,29,30
SPUR_B O=1,16,20,24,31 m=15 B=0,5,7,8,9,10,14,15,18,25,26,28,29,30
SPUR_B O=1,16,20,24,31 m=15 B=0,3,5,7,8,11,14,15,18,19,27,28,29,30
SPUR_B O=1,16,20,24,31 m=15 B=0,5,6,7,8,11,14,15,18,22,27,28,29,30
SPUR_B O=1,16,20,24,31 m=15 B=0,5,7,8,9,11,14,15,18,25,27,28,29,30
SPUR_B O=1,16,20,24,31 m=15 B=0,5,7,8,10,11,14,15,18,26,27,28,29,30
CLASS s=32 r=5 p=3221225473 O=1,16,20,24,31 m=15 char0=0 mitm=20 brute=20 genuine_bal=0 spurious=20 xiH=0
SPUR_B O=3,4,21,26,30 m=14 B=0,1,5,6,7,10,13,14,16,17,19,25,27,31
SPUR_B O=3,4,21,26,30 m=14 B=0,2,5,6,7,10,13,14,16,18,19,25,27,31
SPUR_B O=3,4,21,26,30 m=14 B=1,2,5,6,7,10,13,14,17,18,19,25,27,31
SPUR_B O=3,4,21,26,30 m=14 B=0,5,6,7,8,10,13,14,16,19,24,25,27,31
SPUR_B O=3,4,21,26,30 m=14 B=1,5,6,7,8,10,13,14,17,19,24,25,27,31
SPUR_B O=3,4,21,26,30 m=14 B=2,5,6,7,8,10,13,14,18,19,24,25,27,31
SPUR_B O=3,4,21,26,30 m=14 B=0,5,6,7,10,12,13,14,16,19,25,27,28,31
SPUR_B O=3,4,21,26,30 m=14 B=1,5,6,7,10,12,13,14,17,19,25,27,28,31
SPUR_B O=3,4,21,26,30 m=14 B=2,5,6,7,10,12,13,14,18,19,25,27,28,31
SPUR_B O=3,4,21,26,30 m=14 B=5,6,7,8,10,12,13,14,19,24,25,27,28,31
CLASS s=32 r=5 p=3221225473 O=3,4,21,26,30 m=14 char0=0 mitm=10 brute=10 genuine_bal=0 spurious=10 xiH=0
SPUR_B O=0,6,7,18,27 m=3 B=1,2,3,10,11,13,14,17,19,22,24,25,28,31
SPUR_B O=0,6,7,18,27 m=3 B=1,2,4,10,11,13,14,17,20,22,24,25,28,31
SPUR_B O=0,6,7,18,27 m=3 B=2,3,4,10,11,13,14,19,20,22,24,25,28,31
SPUR_B O=0,6,7,18,27 m=3 B=1,2,5,10,11,13,14,17,21,22,24,25,28,31
SPUR_B O=0,6,7,18,27 m=3 B=2,3,5,10,11,13,14,19,21,22,24,25,28,31
SPUR_B O=0,6,7,18,27 m=3 B=2,4,5,10,11,13,14,20,21,22,24,25,28,31
CLASS s=32 r=5 p=3221225473 O=0,6,7,18,27 m=3 char0=0 mitm=6 brute=6 genuine_bal=0 spurious=6 xiH=0
SPUR_B O=1,7,12,23,27 m=0 B=0,2,3,5,8,9,10,11,15,20,21,22,24,25
SPUR_B O=1,7,12,23,27 m=0 B=0,2,3,5,8,10,11,13,15,20,21,22,24,29
SPUR_B O=1,7,12,23,27 m=0 B=0,2,3,5,9,10,11,13,15,20,21,22,25,29
SPUR_B O=1,7,12,23,27 m=0 B=0,2,3,8,9,10,11,13,15,20,22,24,25,29
SPUR_B O=1,7,12,23,27 m=0 B=0,2,3,5,8,10,11,14,15,20,21,22,24,30
SPUR_B O=1,7,12,23,27 m=0 B=0,2,3,5,9,10,11,14,15,20,21,22,25,30
SPUR_B O=1,7,12,23,27 m=0 B=0,2,3,8,9,10,11,14,15,20,22,24,25,30
SPUR_B O=1,7,12,23,27 m=0 B=0,2,3,5,10,11,13,14,15,20,21,22,29,30
SPUR_B O=1,7,12,23,27 m=0 B=0,2,3,8,10,11,13,14,15,20,22,24,29,30
SPUR_B O=1,7,12,23,27 m=0 B=0,2,3,9,10,11,13,14,15,20,22,25,29,30
CLASS s=32 r=5 p=3221225473 O=1,7,12,23,27 m=0 char0=0 mitm=10 brute=10 genuine_bal=0 spurious=10 xiH=0
