SPUR_B O=0,21,23 m=1 B=1,2,5,9,10,11,12,14,16,19,20,22,24,27,29
SPUR_B O=0,21,23 m=1 B=1,2,5,9,10,12,14,15,16,19,20,22,24,29,31
CLASS s=32 r=3 p=3221225473 O=0,21,23 m=1 char0=0 mitm=2 brute=2 genuine_bal=0 spurious=2 xiH=0
SPUR_B O=1,20,22 m=1 B=0,2,6,9,10,11,12,14,16,19,21,23,24,27,29
SPUR_B O=1,20,22 m=1 B=0,2,6,9,10,12,14,15,16,19,21,23,24,29,31
SPUR_B O=1,20,22 m=1 B=2,6,9,10,11,12,14,15,19,21,23,24,27,29,31
CLASS s=32 r=3 p=3221225473 O=1,20,22 m=1 char0=0 mitm=3 brute=3 genuine_bal=0 spurious=3 xiH=0
SPUR_B O=1,22,31 m=0 B=0,2,5,6,9,10,12,14,15,19,20,21,23,24,29
SPUR_B O=1,22,31 m=0 B=0,2,6,9,10,11,12,14,15,19,20,23,24,27,29
CLASS s=32 r=3 p=3221225473 O=1,22,31 m=0 char0=0 mitm=2 brute=2 genuine_bal=0 spurious=2 xiH=0
SPUR_B O=4,24,29 m=1 B=0,1,3,7,9,18,20,21,22,23,26,27,28,30,31
CLASS s=32 r=3 p=3221225473 O=4,24,29 m=1 char0=0 mitm=1 brute=1 genuine_bal=0 spurious=1 xiH=0
SPUR_B O=6,10,21 m=1 B=0,1,2,3,4,12,13,14,15,16,19,22,24,25,26
SPUR_B O=6,10,21 m=1 B=0,1,2,4,7,12,13,14,15,16,22,23,24,25,26
SPUR_B O=6,10,21 m=1 B=1,2,3,4,7,12,13,14,15,19,22,23,24,25,26
SPUR_B O=6,10,21 m=1 B=0,1,2,4,11,12,13,14,15,16,22,24,25,26,27
SPUR_B O=6,10,21 m=1 B=1,2,3,4,11,12,13,14,15,19,22,24,25,26,27
SPUR_B O=6,10,21 m=1 B=1,2,4,7,11,12,13,14,15,22,23,24,25,26,27
CLASS s=32 r=3 p=3221225473 O=6,10,21 m=1 char0=0 mitm=6 brute=6 genuine_bal=0 spurious=6 xiH=0
SPUR_B O=8,10,15 m=3 B=0,1,2,3,6,11,13,16,17,20,21,22,24,25,30
SPUR_B O=8,10,15 m=3 B=0,1,2,3,7,11,13,16,17,20,21,23,24,25,30
SPUR_B O=8,10,15 m=3 B=0,2,3,6,7,11,13,16,20,21,22,23,24,25,30
SPUR_B O=8,10,15 m=3 B=1,2,3,6,7,11,13,17,20,21,22,23,24,25,30
SPUR_B O=8,10,15 m=3 B=0,1,2,3,11,12,13,16,17,20,21,24,25,28,30
SPUR_B O=8,10,15 m=3 B=0,2,3,6,11,12,13,16,20,21,22,24,25,28,30
SPUR_B O=8,10,15 m=3 B=1,2,3,6,11,12,13,17,20,21,22,24,25,28,30
SPUR_B O=8,10,15 m=3 B=0,2,3,7,11,12,13,16,20,21,23,24,25,28,30
SPUR_B O=8,10,15 m=3 B=1,2,3,7,11,12,13,17,20,21,23,24,25,28,30
SPUR_B O=8,10,15 m=3 B=2,3,6,7,11,12,13,20,21,22,23,24,25,28,30
CLASS s=32 r=3 p=3221225473 O=8,10,15 m=3 char0=0 mitm=10 brute=10 genuine_bal=0 spurious=10 xiH=0
SPUR_B O=9,12,14 m=1 B=0,1,2,5,6,10,11,16,19,20,21,22,23,24,27
SPUR_B O=9,12,14 m=1 B=0,1,2,5,6,10,13,16,19,20,21,22,23,24,29
SPUR_B O=9,12,14 m=1 B=0,1,2,5,10,11,13,16,19,20,21,23,24,27,29
SPUR_B O=9,12,14 m=1 B=0,1,2,6,10,11,13,16,19,20,22,23,24,27,29
SPUR_B O=9,12,14 m=1 B=1,2,5,6,10,11,13,19,20,21,22,23,24,27,29
SPUR_B O=9,12,14 m=1 B=0,1,2,5,6,10,15,16,19,20,21,22,23,24,31
SPUR_B O=9,12,14 m=1 B=0,1,2,5,10,11,15,16,19,20,21,23,24,27,31
SPUR_B O=9,12,14 m=1 B=0,1,2,6,10,11,15,16,19,20,22,23,24,27,31
SPUR_B O=9,12,14 m=1 B=1,2,5,6,10,11,15,19,20,21,22,23,24,27,31
SPUR_B O=9,12,14 m=1 B=0,1,2,5,10,13,15,16,19,20,21,23,24,29,31
SPUR_B O=9,12,14 m=1 B=0,1,2,6,10,13,15,16,19,20,22,23,24,29,31
SPUR_B O=9,12,14 m=1 B=1,2,5,6,10,13,15,19,20,21,22,23,24,29,31
SPUR_B O=9,12,14 m=1 B=0,1,2,10,11,13,15,16,19,20,23,24,27,29,31
SPUR_B O=9,12,14 m=1 B=1,2,5,10,11,13,15,19,20,21,23,24,27,29,31
SPUR_B O=9,12,14 m=1 B=1,2,6,10,11,13,15,19,20,22,23,24,27,29,31
CLASS s=32 r=3 p=3221225473 O=9,12,14 m=1 char0=0 mitm=15 brute=15 genuine_bal=0 spurious=15 xiH=0
SPUR_B O=10,11,12 m=3 B=0,1,2,5,6,9,14,16,19,20,21,22,23,24,29
SPUR_B O=10,11,12 m=3 B=0,1,2,5,9,14,15,16,19,20,21,23,24,29,31
SPUR_B O=10,11,12 m=3 B=0,1,2,6,9,14,15,16,19,20,22,23,24,29,31
SPUR_B O=10,11,12 m=3 B=1,2,5,6,9,14,15,19,20,21,22,23,24,29,31
CLASS s=32 r=3 p=3221225473 O=10,11,12 m=3 char0=0 mitm=4 brute=4 genuine_bal=0 spurious=4 xiH=0
SPUR_B O=12,24,29 m=2 B=1,3,14,15,16,17,18,20,21,22,23,25,26,27,30
CLASS s=32 r=3 p=3221225473 O=12,24,29 m=2 char0=0 mitm=1 brute=1 genuine_bal=0 spurious=1 xiH=0
SPUR_B O=24,29,31 m=2 B=0,1,2,5,6,9,10,12,15,16,19,20,21,22,23
SPUR_B O=24,29,31 m=2 B=0,1,2,5,9,10,11,12,15,16,19,20,21,23,27
SPUR_B O=24,29,31 m=2 B=0,1,2,6,9,10,11,12,15,16,19,20,22,23,27
SPUR_B O=24,29,31 m=2 B=1,2,5,6,9,10,11,12,15,19,20,21,22,23,27
SPUR_B O=24,29,31 m=2 B=0,1,2,5,9,10,12,14,15,16,19,20,21,23,30
SPUR_B O=24,29,31 m=2 B=0,1,2,6,9,10,12,14,15,16,19,20,22,23,30
SPUR_B O=24,29,31 m=2 B=1,2,5,6,9,10,12,14,15,19,20,21,22,23,30
SPUR_B O=24,29,31 m=2 B=0,1,2,9,10,11,12,14,15,16,19,20,23,27,30
SPUR_B O=24,29,31 m=2 B=1,2,5,9,10,11,12,14,15,19,20,21,23,27,30
SPUR_B O=24,29,31 m=2 B=1,2,6,9,10,11,12,14,15,19,20,22,23,27,30
CLASS s=32 r=3 p=3221225473 O=24,29,31 m=2 char0=0 mitm=10 brute=10 genuine_bal=0 spurious=10 xiH=0
