SPUR_B O=5,20,31 m=2 B=1,2,4,6,7,9,11,16,17,19,24,25,26,27,28
SPUR_B O=5,20,31 m=2 B=1,2,4,6,7,9,13,16,17,19,24,25,26,28,29
SPUR_B O=5,20,31 m=2 B=1,2,4,6,7,11,13,16,17,19,24,26,27,28,29
SPUR_B O=5,20,31 m=2 B=2,4,6,7,9,11,13,16,19,24,25,26,27,28,29
SPUR_B O=5,20,31 m=2 B=1,2,4,6,7,9,14,16,17,19,24,25,26,28,30
SPUR_B O=5,20,31 m=2 B=1,2,4,6,7,11,14,16,17,19,24,26,27,28,30
SPUR_B O=5,20,31 m=2 B=2,4,6,7,9,11,14,16,19,24,25,26,27,28,30
SPUR_B O=5,20,31 m=2 B=1,2,4,6,7,13,14,16,17,19,24,26,28,29,30
SPUR_B O=5,20,31 m=2 B=2,4,6,7,9,13,14,16,19,24,25,26,28,29,30
SPUR_B O=5,20,31 m=2 B=2,4,6,7,11,13,14,16,19,24,26,27,28,29,30
CLASS s=32 r=3 p=2013265921 O=5,20,31 m=2 char0=0 mitm=10 brute=10 genuine_bal=0 spurious=10 xiH=0
SPUR_B O=14,17,21 m=1 B=2,3,6,7,9,11,12,13,15,16,20,22,24,26,31
CLASS s=32 r=3 p=2013265921 O=14,17,21 m=1 char0=0 mitm=1 brute=1 genuine_bal=0 spurious=1 xiH=0
