HIT s 128 r 9 | O 53 45 65 39 125 15 57 91 111 | m 193 | B 4 6 72 74 75 79 84 85 88 25 27 30 31 32 98 100 37 103 104 42 108 109 110 47 112 49 51 116 118 121 123 63 0 64 2 66 3 67 5 69 7 71 9 73 12 76 13 77 14 78 16 80 17 81 18 82 19 83 22 86
HIT s 128 r 9 | O 61 7 51 69 39 75 5 13 35 | m 164 | B 65 4 6 71 72 9 74 11 77 84 21 22 87 24 90 28 93 33 98 99 101 38 103 40 43 108 109 48 114 115 116 54 55 120 121 60 125 127 0 64 2 66 3 67 12 76 14 78 15 79 16 80 17 81 18 82 19 83 25 89
HIT s 128 r 9 | O 12 22 4 70 68 44 38 82 78 | m 119 | B 69 6 8 9 74 75 77 14 80 17 18 85 86 88 25 28 94 32 97 36 101 102 104 41 107 108 110 47 50 116 53 118 56 121 58 124 61 127 0 64 1 65 2 66 3 67 7 71 15 79 19 83 20 84 23 87 26 90 27 91
HIT s 128 r 9 | O 64 42 38 26 118 110 32 30 84 | m 224 | B 0 4 70 71 8 74 75 12 14 16 20 23 90 27 28 29 94 95 96 97 35 36 102 104 106 109 46 47 48 50 115 117 54 55 121 122 61 63 1 65 2 66 3 67 5 69 9 73 13 77 15 79 17 81 18 82 19 83 21 85
HIT s 128 r 9 | O 106 72 114 80 56 104 34 112 94 | m 241 | B 4 5 70 8 9 74 75 76 17 19 84 21 87 24 89 30 33 98 35 100 39 105 42 44 109 46 48 113 50 117 120 57 0 64 1 65 2 66 3 67 7 71 13 77 14 78 15 79 18 82 22 86 26 90 27 91 28 92 29 93
HIT s 128 r 9 | O 85 5 13 7 21 33 107 51 55 | m 254 | B 0 68 69 6 71 9 74 78 15 19 84 87 91 28 93 30 95 96 97 98 100 102 106 43 108 109 46 49 115 119 56 121 59 124 1 65 2 66 3 67 8 72 11 75 12 76 16 80 17 81 18 82 22 86 24 88 25 89 26 90
HIT s 128 r 9 | O 57 19 103 69 41 43 51 37 21 | m 147 | B 5 70 72 9 77 80 83 84 85 86 28 29 30 35 36 101 38 39 40 105 42 107 45 110 113 50 115 117 118 119 56 121 124 125 126 127 0 64 1 65 2 66 3 67 4 68 7 71 10 74 11 75 12 76 14 78 15 79 17 81
HIT s 128 r 9 | O 96 0 64 60 42 84 74 40 110 | m 152 | B 3 4 72 75 12 14 79 16 21 87 90 92 94 32 33 101 103 104 41 46 112 114 51 116 53 55 121 58 124 127 1 65 2 66 5 69 6 70 7 71 9 73 13 77 17 81 18 82 19 83 22 86 24 88 25 89 27 91 29 93
HIT s 128 r 11 | O 111 15 125 31 81 13 121 35 79 67 21 | m 793 | B 66 68 69 70 73 10 12 77 14 82 85 22 23 24 26 28 94 96 97 99 36 101 38 103 104 105 108 46 47 112 49 50 52 54 119 56 58 59 61 62 63 0 64 1 65 7 71 8 72 11 75 16 80 19 83 20 84 25 89
HIT s 128 r 11 | O 85 21 99 67 105 7 95 123 55 39 9 | m 333 | B 65 66 69 6 71 8 73 11 76 13 14 15 80 83 22 23 24 89 26 28 94 33 35 100 37 38 103 104 41 108 109 110 111 50 115 116 117 118 119 56 57 58 59 60 61 62 127 0 64 4 68 10 74 17 81 18 82 20 84
HIT s 128 r 11 | O 119 73 41 25 1 67 15 89 61 23 75 | m 851 | B 64 3 68 6 9 10 12 77 14 79 80 17 18 19 84 21 87 24 26 28 93 95 96 34 37 104 42 107 44 45 46 112 50 51 52 118 55 120 122 124 125 2 66 5 69 7 71 8 72 22 86 27 91 30 94 33 97 35 99
HIT s 256 r 13 | O 119 73 19 97 163 95 39 75 203 193 255 177 7 | m 1892 | B 1 130 131 133 6 135 136 10 139 144 17 148 21 150 23 156 29 33 35 164 37 167 168 41 170 174 48 49 178 179 52 55 56 185 58 187 190 191 64 65 67 196 197 198 201 74 79 209 212 85 214 88 219 92 223 96 98 100 233 106 235 239 244 246 121 125 254 127 0 128 4 132 9 137 12 140 13 141 14 142 15 143 18 146 24 152 25 153 26 154 27 155 30 158 31 159 32 160 34 162 38 166 43 171 44 172 45 173 47 175 53 181 54 182 60 188 61 189 66 194 71 199
HIT s 256 r 13 | O 58 186 168 138 70 42 216 116 188 2 240 232 238 | m 3458 | B 0 130 10 140 13 142 15 145 148 21 22 152 153 154 27 30 34 163 36 38 40 170 174 177 50 184 185 61 192 72 73 202 75 204 207 209 82 212 85 214 215 88 218 221 94 223 224 226 227 100 105 107 236 109 110 239 112 113 242 115 244 245 119 248 121 250 123 255 1 129 3 131 4 132 5 133 6 134 7 135 8 136 9 137 11 139 16 144 18 146 19 147 23 151 28 156 29 157 31 159 32 160 33 161 37 165 39 167 41 169 43 171 44 172 45 173 47 175 48 176 51 179
HIT s 256 r 13 | O 197 57 153 133 177 51 207 235 151 99 155 241 187 | m 2632 | B 1 4 5 138 14 143 144 20 21 23 24 25 154 160 164 38 167 169 42 43 46 47 176 49 52 181 184 185 59 192 193 194 67 68 69 198 74 203 79 209 83 214 216 91 220 221 223 96 227 229 230 103 232 233 106 107 238 113 114 244 117 119 122 252 253 254 0 128 2 130 3 131 6 134 7 135 8 136 9 137 11 139 12 140 13 141 17 145 18 146 19 147 22 150 28 156 29 157 30 158 31 159 33 161 34 162 35 163 37 165 40 168 44 172 45 173 50 178 54 182 55 183
HIT s 256 r 13 | O 172 60 76 230 18 64 166 222 106 146 42 212 26 | m 3120 | B 128 4 136 10 11 13 143 144 17 147 21 22 25 154 156 158 34 36 38 167 40 170 43 44 173 175 179 53 56 187 61 192 196 69 73 202 204 210 211 84 85 86 217 219 92 221 223 224 98 99 102 231 104 105 234 235 239 113 244 118 247 248 121 252 254 127 1 129 2 130 3 131 5 133 6 134 7 135 9 137 12 140 14 142 20 148 23 151 24 152 27 155 29 157 31 159 32 160 33 161 35 163 37 165 41 169 46 174 48 176 49 177 50 178 52 180 54 182 55 183 57 185
HIT s 256 r 13 | O 163 57 119 113 193 235 151 97 255 11 169 219 165 | m 2958 | B 2 131 132 135 14 16 145 18 23 25 29 160 34 35 164 37 166 39 172 174 176 177 178 51 53 54 56 59 190 63 65 194 71 200 202 203 205 206 82 84 85 214 87 218 91 96 225 99 230 232 105 107 108 237 238 111 115 244 245 247 123 252 125 127 0 128 1 129 5 133 6 134 8 136 9 137 10 138 12 140 13 141 15 143 19 147 20 148 21 149 22 150 24 152 26 154 27 155 28 156 30 158 31 159 33 161 40 168 42 170 43 171 45 173 47 175 52 180 55 183 58 186
HIT s 256 r 13 | O 147 175 255 171 149 121 243 165 183 223 23 213 113 | m 3208 | B 130 3 5 6 135 142 15 144 18 19 20 21 151 152 28 157 31 160 33 162 35 38 167 42 43 44 45 174 47 177 178 179 180 53 54 55 184 57 186 60 189 67 69 70 71 200 73 202 203 76 79 81 82 86 87 218 219 222 95 225 227 228 103 105 234 111 241 115 117 118 251 127 0 128 1 129 4 132 8 136 9 137 10 138 11 139 12 140 13 141 17 145 22 150 25 153 26 154 27 155 30 158 36 164 40 168 41 169 48 176 59 187 62 190 63 191 64 192 65 193 66 194
HIT s 256 r 13 | O 45 185 175 199 145 225 41 155 233 255 211 249 137 | m 3796 | B 128 133 135 139 141 18 147 20 27 156 32 161 40 169 170 171 172 173 46 47 49 178 52 53 55 57 187 189 62 66 196 197 198 71 74 204 205 209 83 87 88 90 91 92 221 94 223 96 97 98 227 100 101 102 236 109 238 240 243 244 120 121 122 252 126 127 1 129 2 130 3 131 4 132 6 134 8 136 10 138 12 140 14 142 15 143 16 144 21 149 22 150 23 151 24 152 25 153 26 154 29 157 30 158 31 159 34 162 35 163 36 164 37 165 38 166 39 167 48 176 51 179
HIT s 256 r 13 | O 49 105 219 185 141 3 125 75 119 213 45 153 255 | m 3139 | B 1 132 5 134 136 139 13 144 145 150 152 25 154 27 159 34 35 37 38 39 169 172 173 175 54 183 57 58 187 60 189 198 71 200 202 76 77 78 210 212 215 216 218 91 220 221 222 223 97 99 100 101 233 234 109 111 112 242 245 247 250 123 253 127 0 128 2 130 7 135 9 137 10 138 12 140 14 142 15 143 18 146 19 147 20 148 21 149 23 151 28 156 29 157 30 158 32 160 33 161 36 164 40 168 42 170 43 171 46 174 48 176 50 178 51 179 52 180 53 181 56 184
HIT s 128 r 11 | O 111 43 11 65 63 23 103 95 115 93 109 | m 218 | B 64 1 66 67 4 9 75 12 13 78 15 80 81 83 20 86 87 24 25 90 27 29 94 31 32 33 34 99 38 104 41 42 107 44 46 47 112 113 51 52 118 57 58 123 60 61 127 5 69 6 70 7 71 8 72 10 74 18 82
HIT s 128 r 11 | O 17 75 97 47 113 45 57 89 63 11 123 | m 954 | B 65 66 4 69 70 7 72 73 76 13 14 15 81 18 20 86 24 25 26 92 29 94 31 33 98 99 101 40 41 106 43 109 46 111 49 50 115 52 117 118 55 59 125 126 127 0 64 3 67 10 74 16 80 19 83 21 85 23 87
HIT s 128 r 11 | O 95 67 89 125 23 37 91 105 61 11 35 | m 739 | B 64 65 2 3 4 6 71 10 12 15 80 81 19 22 88 25 26 27 92 93 94 31 33 34 99 36 101 39 41 42 107 108 45 46 112 49 50 115 52 117 56 57 58 123 126 5 69 8 72 9 73 13 77 14 78 18 82 20 84
HIT s 256 r 15 | O 78 200 28 190 44 2 34 160 242 182 6 94 126 14 196 | m 10904 | B 128 132 135 8 137 10 11 15 18 19 20 149 151 152 153 154 156 29 158 159 33 162 163 36 39 42 43 172 174 47 48 52 181 58 189 62 63 192 193 194 67 68 69 72 201 77 206 80 81 83 212 213 214 215 216 91 92 221 222 96 225 227 102 103 235 236 237 110 113 115 247 248 252 254 255 1 129 3 131 5 133 12 140 13 141 16 144 17 145 22 150 27 155 37 165 38 166 40 168 41 169 45 173 49 177 50 178 51 179 55 183 56 184 57 185 59 187 60 188 70 198
HIT s 256 r 15 | O 231 101 255 151 37 65 237 103 59 13 153 251 71 3 183 | m 12158 | B 0 129 131 4 8 9 141 142 15 16 17 18 148 23 24 26 155 157 30 159 32 33 34 35 36 38 167 40 169 49 178 180 53 182 55 57 186 187 62 191 66 67 196 69 198 199 73 74 75 76 77 78 207 208 81 212 86 215 89 91 93 222 223 226 229 102 105 236 238 239 240 241 243 116 245 118 120 121 122 123 252 126 127 2 130 5 133 6 134 7 135 10 138 11 139 12 140 19 147 21 149 22 150 28 156 42 170 43 171 44 172 45 173 46 174 47 175 48 176 51 179
HIT s 256 r 15 | O 68 94 172 144 72 244 52 42 200 212 48 86 74 78 130 | m 14863 | B 129 4 5 6 136 139 12 142 15 16 145 146 147 20 21 23 153 28 159 161 169 170 171 45 175 176 180 183 57 58 187 188 189 62 192 65 194 67 197 70 73 202 203 204 205 79 81 82 211 214 217 90 91 93 224 98 99 100 229 230 232 106 107 237 238 239 115 116 247 120 249 250 251 124 253 254 255 0 128 3 131 7 135 9 137 10 138 13 141 22 150 24 152 26 154 27 155 29 157 30 158 32 160 34 162 35 163 36 164 37 165 38 166 39 167 40 168 46 174 49 177
HIT s 512 r 17 | O 151 331 83 93 207 391 281 269 407 459 189 159 47 365 25 385 237 | m 8821 | B 2 259 4 6 12 16 276 277 23 27 284 30 287 34 36 40 298 299 44 45 303 49 50 51 53 54 55 314 315 317 321 66 323 324 70 327 74 75 80 338 339 88 92 349 355 358 359 105 363 364 109 369 370 116 373 118 119 377 126 383 128 129 130 131 388 135 136 395 140 397 398 399 401 403 150 409 411 156 158 415 416 164 165 166 425 170 174 176 177 434 435 437 182 439 443 450 195 203 205 462 464 210 468 213 214 216 219 220 478 480 483 490 491 238 239 241 244 250 0 256 1 257 5 261 7 263 8 264 9 265 10 266 11 267 14 270 15 271 17 273 18 274 19 275 22 278 24 280 26 282 29 285 32 288 33 289 35 291 37 293 38 294 39 295 41 297 46 302 48 304 52 308 56 312 57 313 60 316 62 318 63 319 64 320 69 325 72 328 73 329 76 332 77 333 78 334 79 335 81 337 84 340 85 341 86 342 87 343 89 345 90 346 91 347 94 350 95 351 96 352 97 353 98 354 100 356 101 357 104 360 106 362 110 366 111 367 112 368 115 371 120 376 122 378 123 379 124 380
HIT s 512 r 17 | O 90 166 262 410 344 14 226 506 442 348 16 200 482 254 94 486 38 | m 30231 | B 257 2 261 10 268 270 271 272 274 26 27 29 30 31 288 34 294 42 299 300 301 303 304 52 53 310 311 318 320 321 66 324 70 76 78 341 87 88 346 347 92 350 352 353 98 356 102 363 364 110 368 114 372 118 119 120 379 380 128 386 388 390 391 137 394 145 146 403 150 154 157 414 160 417 422 169 426 171 172 430 176 434 179 180 181 182 439 186 446 447 192 449 196 456 458 206 464 466 468 470 473 218 221 224 483 229 230 487 238 496 244 248 249 250 507 508 510 255 0 256 3 259 4 260 7 263 8 264 9 265 11 267 13 269 17 273 19 275 20 276 21 277 22 278 23 279 24 280 25 281 28 284 33 289 35 291 36 292 37 293 39 295 40 296 41 297 46 302 49 305 50 306 51 307 56 312 57 313 58 314 59 315 60 316 61 317 63 319 67 323 69 325 71 327 72 328 73 329 74 330 75 331 77 333 79 335 80 336 81 337 82 338 83 339 84 340 86 342 89 345 93 349 95 351 99 355 101 357 103 359 104 360 105 361 106 362 109 365 111 367 113 369 115 371 117 373 121 377
HIT s 512 r 19 | O 131 495 95 285 343 61 409 445 21 101 195 393 189 353 477 435 209 43 391 | m 7662 | B 258 4 5 262 265 10 268 13 15 17 274 276 277 22 281 27 29 286 289 290 35 37 294 295 41 298 44 301 302 48 308 309 312 57 59 317 63 320 66 69 327 72 76 333 78 80 81 338 83 342 87 89 91 92 351 97 354 357 360 361 108 109 367 112 113 115 116 117 375 120 125 382 387 389 390 392 137 398 143 400 145 148 152 410 155 157 414 415 160 418 419 164 422 424 426 171 173 178 438 440 443 444 446 192 451 452 198 199 200 461 206 208 470 471 473 218 475 221 478 480 228 230 489 235 240 242 243 246 504 249 508 253 511 0 256 1 257 3 259 7 263 8 264 11 267 14 270 16 272 19 275 23 279 24 280 26 282 28 284 31 287 32 288 36 292 40 296 47 303 49 305 50 306 51 307 54 310 55 311 58 314 60 316 62 318 65 321 67 323 68 324 70 326 73 329 74 330 75 331 79 335 84 340 85 341 88 344 90 346 93 349 94 350 96 352 99 355 100 356 102 358 103 359 106 362 107 363 110 366 114 370 118 374 121 377 122 378 123 379 124 380 127 383 128 384 129 385
HIT s 512 r 19 | O 255 155 253 173 401 67 107 59 337 299 407 263 193 13 309 307 225 17 57 | m 251228 | B 1 258 259 6 7 9 10 267 269 271 273 276 277 278 280 25 26 29 286 31 290 291 292 293 294 39 297 298 43 47 304 51 308 53 314 315 318 319 322 327 328 74 75 76 335 81 82 83 84 86 87 349 94 351 353 98 355 357 102 103 105 106 111 369 371 375 376 377 125 126 128 130 387 133 134 135 136 394 397 398 145 402 404 406 151 156 157 414 416 161 418 163 164 421 166 429 430 175 177 434 435 436 437 438 184 185 443 188 190 449 197 198 455 202 203 460 461 464 209 210 212 213 214 474 478 479 480 481 227 228 485 486 231 233 490 492 237 239 241 500 250 507 509 0 256 4 260 5 261 8 264 12 268 14 270 16 272 18 274 19 275 23 279 27 283 28 284 32 288 33 289 40 296 44 300 45 301 46 302 49 305 50 306 54 310 55 311 56 312 60 316 61 317 64 320 65 321 68 324 69 325 70 326 73 329 77 333 78 334 80 336 85 341 88 344 89 345 90 346 91 347 92 348 96 352 100 356 104 360 108 364 109 365 110 366 112 368 114 370 116 372 117 373 118 374 122 378
